
urls <- c(
'2020/uf=AC/lote=1/part-00000-ada92787-e1be-43f2-b9b5-af4c708403a4.c000.csv', 
'2020/uf=AL/lote=1/part-00000-ada92787-e1be-43f2-b9b5-af4c708403a4.c000.csv',
'2020/uf=AM/lote=1/part-00000-ada92787-e1be-43f2-b9b5-af4c708403a4.c000.csv',
'2020/uf=AM/lote=1/part-00000-ada92787-e1be-43f2-b9b5-af4c708403a4.c000.csv',
'2020/uf=AP/lote=1/part-00000-ada92787-e1be-43f2-b9b5-af4c708403a4.c000.csv',
'2020/uf=BA/lote=1/part-00000-ada92787-e1be-43f2-b9b5-af4c708403a4.c000.csv',
'2020/uf=BA/lote=2/part-00000-ada92787-e1be-43f2-b9b5-af4c708403a4.c000.csv',
'2020/uf=CE/lote=1/part-00000-ada92787-e1be-43f2-b9b5-af4c708403a4.c000.csv',
'2020/uf=DF/lote=1/part-00000-ada92787-e1be-43f2-b9b5-af4c708403a4.c000.csv',
'2020/uf=ES/lote=1/part-00000-ada92787-e1be-43f2-b9b5-af4c708403a4.c000.csv',
'2020/uf=GO/lote=1/part-00000-ada92787-e1be-43f2-b9b5-af4c708403a4.c000.csv',
'2020/uf=GO/lote=2/part-00000-ada92787-e1be-43f2-b9b5-af4c708403a4.c000.csv',
'2020/uf=MA/lote=1/part-00000-ada92787-e1be-43f2-b9b5-af4c708403a4.c000.csv',
'2020/uf=MG/lote=1/part-00000-ada92787-e1be-43f2-b9b5-af4c708403a4.c000.csv',
'2020/uf=MG/lote=2/part-00000-ada92787-e1be-43f2-b9b5-af4c708403a4.c000.csv',
'2020/uf=MG/lote=3/part-00000-ada92787-e1be-43f2-b9b5-af4c708403a4.c000.csv',
'2020/uf=MS/lote=1/part-00000-ada92787-e1be-43f2-b9b5-af4c708403a4.c000.csv',
'2020/uf=MT/lote=1/part-00000-ada92787-e1be-43f2-b9b5-af4c708403a4.c000.csv',
'2020/uf=NI/lote=1/part-00000-ada92787-e1be-43f2-b9b5-af4c708403a4.c000.csv',
'2020/uf=PA/lote=1/part-00000-ada92787-e1be-43f2-b9b5-af4c708403a4.c000.csv',
'2020/uf=PB/lote=1/part-00000-ada92787-e1be-43f2-b9b5-af4c708403a4.c000.csv',
'2020/uf=PE/lote=1/part-00000-ada92787-e1be-43f2-b9b5-af4c708403a4.c000.csv',
'2020/uf=PI/lote=1/part-00000-ada92787-e1be-43f2-b9b5-af4c708403a4.c000.csv',
'2020/uf=PR/lote=1/part-00000-ada92787-e1be-43f2-b9b5-af4c708403a4.c000.csv',
'2020/uf=PR/lote=2/part-00000-ada92787-e1be-43f2-b9b5-af4c708403a4.c000.csv',
'2020/uf=RJ/lote=1/part-00000-ada92787-e1be-43f2-b9b5-af4c708403a4.c000.csv',
'2020/uf=RJ/lote=2/part-00000-ada92787-e1be-43f2-b9b5-af4c708403a4.c000.csv',
'2020/uf=RN/lote=1/part-00000-ada92787-e1be-43f2-b9b5-af4c708403a4.c000.csv',
'2020/uf=RO/lote=1/part-00000-ada92787-e1be-43f2-b9b5-af4c708403a4.c000.csv',
'2020/uf=RR/lote=1/part-00000-ada92787-e1be-43f2-b9b5-af4c708403a4.c000.csv',
'2020/uf=RS/lote=1/part-00000-ada92787-e1be-43f2-b9b5-af4c708403a4.c000.csv',
'2020/uf=RS/lote=2/part-00000-ada92787-e1be-43f2-b9b5-af4c708403a4.c000.csv',
'2020/uf=RS/lote=3/part-00000-ada92787-e1be-43f2-b9b5-af4c708403a4.c000.csv',
'2020/uf=SC/lote=1/part-00000-ada92787-e1be-43f2-b9b5-af4c708403a4.c000.csv',
'2020/uf=SC/lote=2/part-00000-ada92787-e1be-43f2-b9b5-af4c708403a4.c000.csv',
'2020/uf=SC/lote=3/part-00000-ada92787-e1be-43f2-b9b5-af4c708403a4.c000.csv',
'2020/uf=SE/lote=1/part-00000-ada92787-e1be-43f2-b9b5-af4c708403a4.c000.csv',
'2020/uf=TO/lote=1/part-00000-ada92787-e1be-43f2-b9b5-af4c708403a4.c000.csv',
'2020/uf=SP/lote=1/part-00000-ada92787-e1be-43f2-b9b5-af4c708403a4.c000.csv',
'2020/uf=SP/lote=2/part-00000-ada92787-e1be-43f2-b9b5-af4c708403a4.c000.csv',
'2020/uf=SP/lote=3/part-00000-ada92787-e1be-43f2-b9b5-af4c708403a4.c000.csv',
'2020/uf=SP/lote=4/part-00000-ada92787-e1be-43f2-b9b5-af4c708403a4.c000.csv',
'2020/uf=SP/lote=5/part-00000-ada92787-e1be-43f2-b9b5-af4c708403a4.c000.csv',
'2020/uf=SP/lote=6/part-00000-ada92787-e1be-43f2-b9b5-af4c708403a4.c000.csv',
'2020/uf=SP/lote=7/part-00000-ada92787-e1be-43f2-b9b5-af4c708403a4.c000.csv',
'2021/uf=AC/lote=1/part-00000-44d0eee0-7f26-46cf-a780-9fb90239f858.c000.csv',
'2021/uf=AL/lote=1/part-00000-44d0eee0-7f26-46cf-a780-9fb90239f858.c000.csv',
'2021/uf=AM/lote=1/part-00000-44d0eee0-7f26-46cf-a780-9fb90239f858.c000.csv',
'2021/uf=AP/lote=1/part-00000-44d0eee0-7f26-46cf-a780-9fb90239f858.c000.csv',
'2021/uf=BA/lote=1/part-00000-44d0eee0-7f26-46cf-a780-9fb90239f858.c000.csv',
'2021/uf=BA/lote=2/part-00000-44d0eee0-7f26-46cf-a780-9fb90239f858.c000.csv',
'2021/uf=BA/lote=3/part-00000-44d0eee0-7f26-46cf-a780-9fb90239f858.c000.csv',
'2021/uf=CE/lote=1/part-00000-44d0eee0-7f26-46cf-a780-9fb90239f858.c000.csv',
'2021/uf=CE/lote=2/part-00000-44d0eee0-7f26-46cf-a780-9fb90239f858.c000.csv',
'2021/uf=DF/lote=1/part-00000-44d0eee0-7f26-46cf-a780-9fb90239f858.c000.csv',
'2021/uf=ES/lote=1/part-00000-44d0eee0-7f26-46cf-a780-9fb90239f858.c000.csv',
'2021/uf=GO/lote=1/part-00000-44d0eee0-7f26-46cf-a780-9fb90239f858.c000.csv',
'2021/uf=GO/lote=2/part-00000-44d0eee0-7f26-46cf-a780-9fb90239f858.c000.csv',
'2021/uf=MA/lote=1/part-00000-44d0eee0-7f26-46cf-a780-9fb90239f858.c000.csv',
'2021/uf=MG/lote=1/part-00000-44d0eee0-7f26-46cf-a780-9fb90239f858.c000.csv',
'2021/uf=MG/lote=2/part-00000-44d0eee0-7f26-46cf-a780-9fb90239f858.c000.csv',
'2021/uf=MG/lote=3/part-00000-44d0eee0-7f26-46cf-a780-9fb90239f858.c000.csv',
'2021/uf=MG/lote=4/part-00000-44d0eee0-7f26-46cf-a780-9fb90239f858.c000.csv',
'2021/uf=MG/lote=5/part-00000-44d0eee0-7f26-46cf-a780-9fb90239f858.c000.csv',
'2021/uf=MG/lote=6/part-00000-44d0eee0-7f26-46cf-a780-9fb90239f858.c000.csv',
'2021/uf=MS/lote=1/part-00000-44d0eee0-7f26-46cf-a780-9fb90239f858.c000.csv',
'2021/uf=MT/lote=1/part-00000-44d0eee0-7f26-46cf-a780-9fb90239f858.c000.csv',
'2021/uf=NI/lote=1/part-00000-44d0eee0-7f26-46cf-a780-9fb90239f858.c000.csv',
'2021/uf=PA/lote=1/part-00000-44d0eee0-7f26-46cf-a780-9fb90239f858.c000.csv',
'2021/uf=PB/lote=1/part-00000-44d0eee0-7f26-46cf-a780-9fb90239f858.c000.csv',
'2021/uf=PB/lote=2/part-00000-44d0eee0-7f26-46cf-a780-9fb90239f858.c000.csv',
'2021/uf=PE/lote=1/part-00000-44d0eee0-7f26-46cf-a780-9fb90239f858.c000.csv',
'2021/uf=PE/lote=2/part-00000-44d0eee0-7f26-46cf-a780-9fb90239f858.c000.csv',
'2021/uf=PI/lote=1/part-00000-44d0eee0-7f26-46cf-a780-9fb90239f858.c000.csv',
'2021/uf=PR/lote=1/part-00000-44d0eee0-7f26-46cf-a780-9fb90239f858.c000.csv',
'2021/uf=RJ/lote=1/part-00000-44d0eee0-7f26-46cf-a780-9fb90239f858.c000.csv',
'2021/uf=RJ/lote=2/part-00000-44d0eee0-7f26-46cf-a780-9fb90239f858.c000.csv',
'2021/uf=RJ/lote=3/part-00000-44d0eee0-7f26-46cf-a780-9fb90239f858.c000.csv',
'2021/uf=RJ/lote=4/part-00000-44d0eee0-7f26-46cf-a780-9fb90239f858.c000.csv',
'2021/uf=RN/lote=1/part-00000-44d0eee0-7f26-46cf-a780-9fb90239f858.c000.csv',
'2021/uf=RO/lote=1/part-00000-44d0eee0-7f26-46cf-a780-9fb90239f858.c000.csv',
'2021/uf=RR/lote=1/part-00000-44d0eee0-7f26-46cf-a780-9fb90239f858.c000.csv',
'2021/uf=RS/lote=1/part-00000-44d0eee0-7f26-46cf-a780-9fb90239f858.c000.csv',
'2021/uf=RS/lote=2/part-00000-44d0eee0-7f26-46cf-a780-9fb90239f858.c000.csv',
'2021/uf=RS/lote=3/part-00000-44d0eee0-7f26-46cf-a780-9fb90239f858.c000.csv',
'2021/uf=RS/lote=4/part-00000-44d0eee0-7f26-46cf-a780-9fb90239f858.c000.csv',
'2021/uf=RS/lote=5/part-00000-44d0eee0-7f26-46cf-a780-9fb90239f858.c000.csv',
'2021/uf=SC/lote=1/part-00000-44d0eee0-7f26-46cf-a780-9fb90239f858.c000.csv',
'2021/uf=SC/lote=2/part-00000-44d0eee0-7f26-46cf-a780-9fb90239f858.c000.csv',
'2021/uf=SC/lote=3/part-00000-44d0eee0-7f26-46cf-a780-9fb90239f858.c000.csv',
'2021/uf=SC/lote=4/part-00000-44d0eee0-7f26-46cf-a780-9fb90239f858.c000.csv',
'2021/uf=SC/lote=5/part-00000-44d0eee0-7f26-46cf-a780-9fb90239f858.c000.csv',
'2021/uf=SC/lote=6/part-00000-44d0eee0-7f26-46cf-a780-9fb90239f858.c000.csv',
'2021/uf=SE/lote=1/part-00000-44d0eee0-7f26-46cf-a780-9fb90239f858.c000.csv',
'2021/uf=TO/lote=1/part-00000-44d0eee0-7f26-46cf-a780-9fb90239f858.c000.csv',
'2021/uf=SP/lote=1/part-00000-44d0eee0-7f26-46cf-a780-9fb90239f858.c000.csv',
'2021/uf=SP/lote=2/part-00000-44d0eee0-7f26-46cf-a780-9fb90239f858.c000.csv',
'2021/uf=SP/lote=3/part-00000-44d0eee0-7f26-46cf-a780-9fb90239f858.c000.csv',
'2021/uf=SP/lote=4/part-00000-44d0eee0-7f26-46cf-a780-9fb90239f858.c000.csv',
'2021/uf=SP/lote=5/part-00000-44d0eee0-7f26-46cf-a780-9fb90239f858.c000.csv',
'2021/uf=SP/lote=6/part-00000-44d0eee0-7f26-46cf-a780-9fb90239f858.c000.csv',
'2021/uf=SP/lote=7/part-00000-44d0eee0-7f26-46cf-a780-9fb90239f858.c000.csv',
